491
60
92
325
394
253
67
160
205
78
340
244
174
354
148
414
2
407
311
323
390
441
166
268
175
26
222
24
376
387
47
4
232
285
441
349
183
339
151
201
100
97
495
216
248
191
407
7
18
77
263
382
12
448
138
220
250
422
130
280
359
469
79
109
227
83
151
417
418
312
176
19
122
202
25
86
78
109
496
202
461
35
179
272
243
131
78
343
240
475
488
430
371
284
20
298
484
229
252
209
74
63
271
105
26
471
302
357
418
184
125
76
316
22
467
21
362
416
86
167
107
449
5
290
443
293
15
493
1
211
105
207
352
382
97
335
260
185
367
366
353
5
389
478
29
369
52
404
188
474
122
332
15
227
500
178
156
96
25
3
169
333
407
149
415
347
207
147
5
464
419
84
141
367
121
358
267
58
132
255
282
108
208
173
112
464
65
84
383
382
358
134
269
101
372
71
106
257
207
6
269
402
436
382
449
185
257
64
438
407
274
30
221
238
275
147
101
117
127
213
457
236
91
312
5
65
413
96
332
259
480
284
227
414
482
477
74
364
268
199
400
487
313
330
146
481
268
14
85
61
294
454
133
35
87
92
489
220
66
408
454
46
189
209
465
115
222
370
120
215
211
371
137
135
28
293
6
468
391
373
407
71
156
102
331
58
341
390
166
473
143
305
304
103
456
131
28
229
40
343
268
171
231
492
51
108
297
474
3
91
327
485
84
423
149
84
373
367
214
437
448
41
3
131
2
324
274
78
192
175
293
495
252
298
112
40
482
257
283
14
459
151
231
360
267
499
4
369
266
286
157
400
261
22
177
152
439
267
373
243
444
177
441
248
271
232
471
455
299
191
484
130
246
25
410
135
225
35
128
331
308
400
258
134
21
190
48
11
125
166
339
116
439
200
158
415
446
405
46
352
249
252
215
403
225
99
302
286
446
300
388
46
171
110
91
203
470
78
470
371
257
206
411
40
379
419
374
41
210
301
190
195
382
306
39
192
270
125
417
490
138
85
22
444
439
361
114
310
237
12
449
474
77
439
356
187
418
477
49
237
69
187
265
382
59
32
291
468
359
356
32
403
232
77
413
396
466
348
493
455
56
43
102
237
481
438
124
210
342
349
86
415
189
69
107
176
307
339
14
61
234
478
224
499
298
102
136
327
45
131
447
10
449
159
423
46
7
482
462
225
131
321
185
97
235
60
351
294
167
487
309
104
474
376
36
307
74
16
39
247
429
338
482
355
219
47
405
215
404
388
472
42
350
137
452
70
197
326
208
375
436
441
10
270
98
4
218
89
197
491
273
207
234
44
365
237
157
196
259
401
226
465
382
372
167
65
43
431
90
374
455
89
477
69
48
85
67
95
284
94
345
292
193
451
50
490
476
437
72
247
477
459
191
123
409
217
235
156
65
310
239
328
148
88
91
95
489
109
369
86
327
422
407
455
423
398
76
27
83
453
61
360
302
156
231
232
55
7
492
263
261
495
10
370
287
394
237
410
467
368
70
417
112
181
101
217
23
84
234
242
226
360
171
128
354
449
66
5
493
153
411
179
210
297
405
126
357
138
19
184
440
492
465
114
234
20
152
407
479
301
160
63
476
365
206
418
281
472
321
198
33
231
259
452
200
283
94
6
117
65
442
206
446
185
107
331
409
142
79
277
17
12
111
316
341
299
103
339
336
339
308
400
477
179
327
198
448
82
334
305
116
231
82
208
51
56
446
38
31
288
183
236
455
439
401
178
224
472
202
374
20
376
253
343
412
59
460
35
488
77
76
333
412
55
68
193
152
11
177
298
428
315
395
436
112
412
308
223
486
424
225
390
58
266
499
230
304
61
69
306
274
325
161
103
100
201
367
289
478
133
426
57
466
62
164
55
474
488
419
410
427
353
8
499
131
396
156
221
373
120
333
430
168
80
31
284
448
185
95
261
465
362
483
424
2
33
428
276
494
458
433
246
319
304
96
205
70
89
233
153
141
245
102
91
225
187
311
334
258
139
137
263
102
468
372
93
350
3
72
294
149
243
160
127
338
243
135
445
14
61
355
125
9
338
319
471
186
427
72
196
122
143
154
106
457
274
476
155
208
457
350
469
4
472
339
436
37
355
224
73
378
70
251
412
244
207
418
63
468
145
175
36
256
80
106
165
165
27
222
172
136
429
208
268
251
455
246
4
269
182
220
195
387
164
98
323
319
131
483
468
422
438
360
376
443
94
37
38
305
401
418
118
59
320
137
182
299
174
376
225
317
463
401
209
1
416
285
223
393
483
392
58
246
227
470
52
309
133
477
380
394
477
21
9
268
432
43
177
229
25
155
448
418
162
350
99
436
440
339
370
341
110
1
66
429
353
411
47
298
159
344
300
106
390
184
174
181
71
47
263
201
272
261
150
449
466
80
251
53
39
192
78
358
159
360
243
276
415
119
266
131
95
264
161
220
10
45
304
448
350
105
413
143
283
464
112
117
223
185
113
243
87
126
212
81
266
290
497
338
410
400
220
445
494
45
184
230
181
95
256
433
206
259
267
325
467
37
356
191
213
143
442
402
256
305
89
495
457
490
438
37
250
415
7
249
463
405
231
406
478
44
258
315
428
68
85
400
391
183
296
368
367
246
157
379
224
434
94
161
466
242
341
142
6
144
447
491
136
413
171
162
153
387
409
351
306
4
368
284
462
199
262
37
88
239
470
106
131
184
334
10
454
250
132
399
81
329
338
232
185
309
118
462
313
282
16
153
126
350
126
409
482
209
430
356
288
399
242
361
164
441
204
317
460
395
182
132
439
286
36
419
248
435
1
26
126
457
439
418
121
217
5
326
376
220
309
160
28
307
401
269
396
242
102
411
284
354
111
70
266
136
208
319
204
6
424
289
256
38
313
486
427
247
203
419
233
52
108
21
287
16
38
316
153
74
82
92
450
6
53
474
377
484
483
38
62
461
52
20
441
48
331
52
135
11
311
197
55
65
463
421
274
367
44
315
47
158
327
308
499
10
4
483
214
240
471
322
252
390
408
62
244
441
60
66
382
296
333
341
315
200
193
140
54
283
454
146
2
237
115
440
125
445
455
243
209
207
471
375
479
20
284
282
134
223
22
364
57
87
285
430
193
393
55
360
391
60
466
105
112
111
179
474
177
171
439
321
27
70
471
497
368
407
390
168
288
486
246
151
182
253
465
100
434
273
333
139
254
108
72
77
44
165
445
312
73
293
309
392
63
46
481
11
72
370
20
22
147
146
376
241
356
255
15
49
172
349
366
403
362
331
135
418
456
367
479
312
337
391
395
401
485
155
42
145
63
481
378
110
335
311
452
474
435
20
358
101
266
45
86
469
152
171
128
419
150
212
365
71
167
69
48
208
432
109
159
418
458
133
332
369
467
20
98
22
141
321
310
391
428
12
16
314
410
206
425
38
272
97
469
296
1
27
365
123
388
398
472
488
15
233
479
311
231
381
326
108
51
223
335
299
470
481
463
9
462
69
36
9
389
373
322
192
394
163
190
405
423
152
423
175
446
89
280
240
109
193
471
46
249
299
127
218
328
94
271
380
146
334
39
305
402
145
27
434
320
470
168
495
317
376
454
225
362
478
366
422
160
117
116
42
298
1
90
317
412
294
190
97
143
480
284
145
452
159
132
124
14
379
371
49
28
449
455
394
416
364
49
248
170
160
274
461
472
421
490
46
309
135
350
384
98
145
243
140
365
193
230
455
242
117
457
364
345
190
176
61
400
286
23
451
37
211
278
439
491
144
58
51
35
19
396
398
218
322
222
271
3
334
235
50
372
212
208
132
227
252
94
85
108
215
357
259
32
49
372
70
297
343
297
440
128
296
250
153
221
395
117
168
39
202
305
420
452
207
284
358
481
291
18
216
146
55
455
124
156
155
473
31
385
260
261
424
385
220
162
314
226
213
262
427
191
78
129
190
232
347
15
237
62
187
101
487
264
467
5
409
1
239
139
343
17
432
442
414
93
144
209
404
79
362
102
292
357
442
474
446
222
131
225
425
394
439
150
181
270
6
439
480
499
380
426
11
409
213
275
262
146
4
407
247
429
450
469
171
98
465
382
431
53
189
457
172
199
453
170
388
22
257
226
204
293
248
112
393
191
352
302
151
213
236
262
93
36
232
141
69
129
284
222
61
94
59
260
341
262
176
49
68
461
81
108
248
369
311
34
299
493
85
109
441
284
87
192
367
71
236
343
250
463
153
147
100
404
164
321
247
386
329
44
448
141
157
232
298
249
460
422
492
376
347
128
355
310
8
51
183
221
434
272
369
57
311
448
113
262
8
477
394
92
99
234
380
460
451
77
112
182
174
179
116
236
179
73
113
74
343
78
339
49
142
301
459
420
361
213
114
317
19
286
481
98
357
9
86
264
427
362
419
17
6
209
312
439
197
449
15
109
96
355
168
243
433
216
169
388
385
180
468
176
257
212
422
1
93
165
220
139
99
39
379
339
252
416
393
450
24
109
464
58
402
111
470
151
298
488
107
4
457
60
317
241
161
28
285
39
31
141
166
392
24
188
90
455
1
344
77
23
409
159
274
141
431
324
158
33
341
213
78
347
112
40
440
112
388
376
436
268
159
394
186
106
73
388
96
24
454
136
288
75
179
131
435
20
289
28
471
490
330
432
340
16
381
242
91
278
368
500
37
499
462
23
120
190
460
418
402
206
328
84
250
276
378
476
225
437
415
77
221
327
107
6
244
356
25
53
338
40
423
425
435
329
462
387
406
342
398
55
475
490
348
258
476
281
263
63
21
249
60
427
268
499
160
241
213
29
130
394
73
300
455
360
322
228
402
355
490
315
471
237
137
238
186
259
186
145
74
231
498
251
103
116
493
199
80
380
436
343
33
443
111
190
153
452
101
477
452
319
203
30
409
154
355
14
421
46
380
320
25
210
165
445
185
208
449
211
467
64
244
70
419
236
279
162
335
282
146
431
94
184
289
187
3
86
293
316
449
164
19
201
460
432
74
355
338
205
86
164
351
309
217
435
446
195
343
63
286
483
411
465
11
188
284
463
97
327
448
450
310
182
173
491
256
109
454
76
302
188
327
292
457
98
415
310
63
227
53
374
93
154
430
253
397
36
204
137
71
288
4
284
404
421
220
405
472
254
239
487
435
114
242
422
408
181
412
464
24
315
39
478
235
116
233
392
489
493
305
338
44
350
399
69
204
401
59
461
52
144
113
358
257
1
126
225
49
252
218
399
149
131
495
421
83
67
258
346
214
462
376
332
409
391
32
312
291
269
188
307
366
177
385
348
26
261
278
325
75
428
32
246
487
469
169
121
500
151
430
156
453
383
265
18
160
458
426
195
459
332
42
440
12
315
28
38
73
487
473
466
372
108
498
319
105
54
291
63
216
101
374
230
216
127
243
494
331
493
402
349
123
246
136
16
174
257
498
456
192
6
240
87
78
291
226
427
459
171
395
60
386
371
481
172
17
499
364
102
339
355
100
371
216
392
128
80
226
488
214
489
111
233
280
442
3
370
145
313
147
1
285
299
101
115
42
1
212
313
148
415
106
449
348
168
66
476
156
176
1
175
484
493
204
61
130
105
434
178
13
174
283
425
353
17
30
500
242
85
135
191
307
27
353
424
98
352
373
422
380
52
224
440
22
132
343
416
95
444
225
25
413
230
343
120
160
416
182
87
28
79
71
420
18
106
307
331
121
475
479
273
159
227
211
190
126
205
410
79
444
136
447
358
49
17
406
358
440
266
286
449
217
54
139
91
139
422
410
471
23
410
116
427
433
285
220
169
41
57
492
390
266
315
24
105
10
250
110
18
342
222
65
331
488
183
239
283
55
14
85
466
241
237
253
456
436
41
74
444
134
87
247
83
195
108
373
437
395
261
84
247
492
455
347
26
54
452
187
22
257
104
391
150
483
325
478
104
1
357
410
279
230
69
111
203
168
65
328
299
365
60
22
78
262
433
115
9
258
32
131
229
362
19
264
268
148
272
318
477
27
59
230
168
135
116
76
429
124
85
448
436
435
155
57
260
365
491
471
225
490
342
94
336
359
95
295
243
390
440
193
444
428
341
240
372
105
155
389
497
94
136
437
499
14
194
332
210
167
59
313
295
201
240
357
227
189
114
92
246
117
164
439
477
193
469
155
378
49
4
144
318
91
442
229
56
394
227
69
424
416
25
47
272
392
9
133
234
255
486
462
387
435
478
400
25
149
128
180
479
418
425
235
34
98
116
260
177
198
371
441
449
482
217
73
344
402
162
306
143
66
112
90
445
241
369
88
74
430
411
21
27
312
49
317
194
343
130
54
86
238
32
388
180
371
474
304
94
157
24
185
223
351
82
483
11
103
307
452
61
157
255
80
102
318
134
202
105
202
278
465
211
474
67
119
219
201
278
416
331
138
211
84
39
468
149
263
83
403
17
484
17
303
347
417
362
444
444
364
179
146
270
75
394
55
96
109
431
263
54
438
20
283
385
198
220
389
443
84
164
302
43
211
496
424
275
488
57
172
362
3
276
491
73
256
396
382
314
243
466
411
300
397
433
407
75
81
121
25
142
218
260
494
290
356
42
289
207
462
403
78
259
217
61
154
216
463
361
370
430
154
447
25
170
226
126
107
463
338
396
102
349
41
382
149
456
305
291
113
137
239
445
497
55
366
144
308
387
12
327
470
59
339
255
109
500
444
66
210
416
303
450
299
360
473
316
458
418
51
315
319
169
333
267
262
188
234
196
346
80
120
245
52
404
139
147
158
333
77
367
5
496
277
223
181
187
473
127
86
181
268
374
499
377
400
272
137
144
61
452
93
300
342
458
296
386
91
488
247
364
404
185
363
146
173
377
57
436
421
186
123
175
222
338
444
327
111
47
451
251
92
424
417
455
257
10
96
377
325
457
498
448
272
390
441
487
268
418
187
107
302
296
343
68
80
213
372
489
261
219
62
286
362
379
25
460
159
403
471
237
305
387
487
179
290
235
91
162
280
460
147
376
134
228
353
272
457
77
353
244
189
182
256
378
20
230
343
106
81
210
118
426
402
318
184
237
464
118
341
73
382
202
374
135
283
73
73
433
224
465
373
319
81
41
338
127
465
10
491
486
45
2
267
77
234
113
163
155
320
340
40
308
421
87
17
72
483
108
313
205
230
428
343
400
201
383
321
272
291
433
393
413
1
105
351
282
102
491
482
47
67
131
137
428
37
462
254
493
88
292
490
270
443
31
352
136
329
480
328
7
171
407
439
300
115
82
397
101
497
101
469
206
141
441
90
401
361
294
305
224
360
186
500
124
240
35
171
309
65
329
236
334
485
103
271
294
296
357
40
247
103
17
134
431
312
423
496
73
335
480
303
140
33
233
39
116
419
359
336
363
134
105
305
93
368
382
374
274
354
166
157
21
370
34
200
314
75
330
189
218
329
9
487
95
32
357
399
430
184
269
87
242
311
23
49
29
359
211
238
43
189
443
446
70
478
50
130
234
361
393
186
148
72
35
178
277
273
378
473
51
144
408
107
442
334
3
372
355
218
395
176
69
183
439
111
236
301
200
151
466
134
355
381
445
53
44
161
495
255
273
361
184
460
356
466
232
122
161
189
387
130
159
89
230
23
147
409
59
99
40
136
82
14
472
445
270
268
476
110
334
459
200
116
15
279
441
178
65
189
387
306
307
99
316
51
23
262
446
30
52
122
139
153
279
210
388
317
12
457
335
96
339
196
79
16
130
319
2
331
146
272
120
340
205
236
369
11
301
60
237
34
458
188
228
132
385
291
295
179
298
43
384
453
461
330
265
50
366
409
221
489
38
240
195
339
199
420
40
430
6
36
164
99
94
49
371
195
475
201
486
454
101
256
153
498
423
128
491
414
454
163
233
101
417
245
204
106
183
446
454
400
186
323
32
483
82
209
198
297
377
394
149
169
121
43
282
235
492
374
414
253
156
336
312
276
81
90
77
138
108
147
199
212
63
328
350
320
378
200
54
342
50
303
81
358
184
285
310
55
204
248
309
321
374
30
298
4
451
33
158
66
291
49
342
127
322
339
209
153
492
371
35
397
196
364
21
181
296
149
104
376
217
444
464
40
310
410
199
312
455
272
234
20
455
279
490
280
140
136
407
339
238
446
475
127
201
235
263
131
114
238
219
405
403
342
477
297
419
202
78
500
344
273
81
356
259
169
65
457
464
282
262
322
8
128
473
438
29
179
217
104
166
8
28
287
212
16
333
336
267
268
119
337
89
216
360
295
34
500
27
192
263
390
48
213
450
29
468
190
461
343
266
182
485
337
305
116
382
400
471
291
355
20
279
463
132
207
363
299
101
168
114
250
127
399
495
245
357
115
319
413
463
4
131
129
259
213
163
135
65
404
387
496
324
168
349
66
261
473
499
107
407
387
335
11
267
281
201
45
270
266
78
150
42
498
204
323
476
402
111
446
436
285
126
235
5
299
20
220
11
456
193
29
488
354
111
356
49
95
4
95
257
424
291
185
403
145
44
42
200
65
222
7
124
231
142
448
60
80
54
8
90
155
63
499
126
498
242
56
115
117
392
87
187
113
406
472
339
16
387
218
106
175
196
160
140
272
449
291
87
432
66
425
130
127
97
27
498
80
213
366
385
73
149
69
425
468
406
360
135
123
94
30
354
103
353
306
391
210
376
379
57
199
101
78
55
69
109
197
112
13
438
200
283
241
379
267
181
465
276
378
379
414
391
169
263
372
217
402
134
321
346
127
436
493
198
319
162
101
106
286
171
404
40
154
276
367
381
49
308
486
57
259
294
479
289
107
116
436
2
125
182
147
448
299
419
157
495
359
79
178
462
100
240
5
271
379
444
261
158
143
156
291
188
437
364
290
482
433
110
274
223
184
98
108
93
224
493
195
333
199
1
336
148
68
94
343
402
390
20
389
310
413
492
345
85
480
494
476
255
90
31
431
180
217
395
402
368
74
166
480
358
267
290
463
72
104
295
112
86
120
219
346
216
450
284
201
398
287
82
86
55
211
406
412
354
66
296
462
93
422
18
484
258
176
69
179
285
57
348
162
358
343
390
8
323
464
479
175
431
288
172
141
376
78
138
180
202
174
150
427
309
357
409
293
226
264
348
310
27
410
81
497
247
293
126
410
261
174
356
180
335
143
81
26
336
294
83
139
123
394
96
466
368
371
329
139
291
78
223
6
472
290
56
320
75
335
230
54
161
36
123
210
499
334
394
244
150
440
13
255
255
350
277
114
178
265
152
352
1
53
430
227
439
166
45
298
77
321
84
198
331
479
134
482
86
484
154
41
129
45
32
253
412
279
279
498
496
362
51
241
55
334
83
293
209
82
327
344
346
413
145
361
217
159
129
161
447
51
292
257
234
207
68
14
72
356
98
327
376
97
297
35
63
257
195
380
319
291
171
22
417
106
279
45
74
437
88
380
67
257
421
365
262
171
79
361
118
435
223
10
414
83
444
91
207
311
51
114
154
89
423
334
78
228
499
230
469
364
461
99
95
461
445
311
442
22
312
469
88
339
375
491
70
376
57
130
422
380
268
179
198
226
438
185
174
339
477
317
339
285
213
103
273
439
106
189
305
213
256
483
437
239
346
108
452
347
87
490
369
255
254
270
171
407
325
252
169
490
91
316
424
176
41
324
152
76
113
489
410
489
410
263
265
54
398
465
354
325
439
51
397
216
350
349
35
457
198
19
41
266
27
104
268
357
479
239
76
336
201
103
342
304
117
343
204
75
327
49
476
413
78
442
63
286
107
99
433
220
16
134
463
351
308
388
387
123
378
129
170
372
204
61
366
432
334
465
358
149
442
109
218
470
202
476
489
59
414
188
218
217
472
142
309
458
345
412
104
8
437
196
273
88
283
297
367
19
178
233
90
306
38
150
429
335
140
160
176
300
360
86
13
340
135
102
471
249
163
32
1
481
411
463
425
301
278
166
116
42
391
409
224
361
475
440
244
464
42
230
127
352
228
454
314
127
383
67
68
483
476
191
270
484
243
328
328
7
199
89
70
441
20
354
419
84
285
133
202
447
158
426
2
382
73
326
15
169
110
229
131
163
352
4
216
436
319
179
187
195
18
267
213
376
100
75
357
433
449
463
418
233
91
6
439
481
32
328
223
317
302
364
203
487
325
225
185
465
466
450
93
446
318
38
96
305
114
479
238
390
296
69
335
224
309
232
73
84
216
54
287
448
301
144
308
13
500
233
118
125
440
262
84
334
285
302
478
221
238
305
245
365
332
92
436
394
20
134
82
144
55
12
234
36
68
437
65
408
242
249
340
482
13
183
142
73
477
273
261
183
144
448
390
279
222
445
69
325
400
50
367
335
365
230
454
290
224
137
98
236
457
58
371
44
162
210
274
427
182
309
136
145
328
435
476
185
336
84
471
40
345
310
25
217
482
12
410
95
108
384
160
179
382
177
361
371
378
378
132
43
380
47
24
325
485
262
49
45
258
346
386
181
36
261
78
380
486
128
277
325
338
50
356
79
324
417
210
298
270
71
316
250
175
256
257
201
350
234
434
120
187
97
284
470
270
237
25
469
452
186
406
214
297
117
24
125
151
218
135
117
261
170
175
484
489
492
226
270
253
339
355
99
239
247
374
172
320
437
289
36
205
405
376
63
337
121
19
151
100
146
37
132
313
405
40
342
318
354
14
465
390
295
380
182
25
206
271
207
247
426
38
52
385
276
195
118
93
425
178
455
36
490
197
172
416
88
460
263
122
421
386
100
193
46
486
379
101
344
8
80
37
167
178
117
205
38
263
129
118
184
367
130
86
371
184
13
497
282
130
137
4
450
448
399
347
307
323
169
234
71
96
166
214
269
27
91
199
191
200
15
242
279
482
252
185
468
130
218
20
113
47
127
420
173
253
171
41
138
229
406
10
4
246
467
182
294
499
424
96
121
181
397
379
250
212
220
421
255
332
368
398
265
274
363
417
163
349
325
214
25
346
367
182
41
84
76
234
159
135
103
386
233
19
158
215
373
406
164
419
407
300
332
253
118
483
139
151
128
10
364
154
499
177
102
337
210
1
130
348
368
13
104
263
133
233
97
56
457
325
183
20
317
264
22
487
409
32
1
211
332
89
391
349
369
432
443
24
496
387
182
108
185
50
195
438
265
388
317
112
78
460
324
327
350
256
133
120
266
299
200
472
435
289
283
68
371
428
138
250
100
291
247
11
60
196
445
4
279
137
489
72
93
383
295
416
416
195
277
69
145
388
102
60
212
363
144
264
13
488
365
129
22
212
46
318
471
445
115
136
421
264
416
152
431
163
348
378
308
257
288
344
217
74
174
425
